2
100
6
-0.4616525978121877,-0.9693736894200418,1
-0.8161757950348514,0.1982564510482705,0
-0.9409290434775659,-0.37318430137497893,0
-0.015838463127727076,-0.9426538186370361,1
0.5770786981417964,-0.6494558448323486,1
0.6297163599192632,0.7505612003730515,0
0.8280975014829375,-0.5206401762782351,1
-0.8269637591808707,-0.1486681125017808,0
0.907336601671217,0.08043486785727638,1
0.7048806077516026,-0.8905106418058877,1
0.1940414620830535,-0.7154382890442084,1
-0.10707440454912032,0.1672251662766251,0
0.6985790912755336,-0.24180555140802684,1
0.12778380042977533,-0.756967553364164,1
-0.18953468934171247,-0.009689385669509276,0
-0.24298138373164857,0.4048709822126202,0
-0.06453665345981596,-0.32537773889273325,1
-0.13190210842589356,-0.033467954546236856,0
0.7113249312209751,-0.37657914233838263,1
-0.9542402451676735,-0.8131069543397711,0
-0.5688429921863152,0.38836381411003074,0
-0.9142465048045532,0.8541703461377763,0
-0.5533982507959672,0.18956407989703372,0
-0.4458942766236371,0.8379018673226133,0
0.39880514567159864,-0.9156893902636871,1
0.7660304472415227,-0.9614117178470465,1
-0.09891566640974503,0.5257493250507099,0
0.4799376350970901,-0.8823839693091526,1
0.20810848578898433,-0.757326274733102,1
0.9188430750597627,-0.6185727932342346,1
0.7564862149666165,0.9422580995660057,0
0.8158667640446697,-0.510329324940699,1
0.6673109809816462,-0.9454187802049274,1
0.7947434193284026,0.21319182622829946,1
-0.021232575688949318,0.24633445242823582,0
-0.6659139528871456,-0.7194398473670063,0
0.9178698577523028,-0.6810651637393166,1
0.8809233458634584,0.8119272556926678,0
0.4677510043200006,0.7354203192313322,0
0.3817509167819424,-0.2536685052572707,1
0.18542396331798905,0.6244847112457312,0
-0.5677843634969608,-0.8910316308632147,1
0.9039235170777007,-0.4471418783589485,1
0.46729577940285205,-0.6852857211093157,1
-0.07184328626245562,-0.26725348197550947,1
-0.09313181126555437,-0.4223705573404821,1
-0.7567814485685773,-0.22002353686666365,0
-0.7962478423037711,0.1911696448060365,0
-0.9538487433953049,0.07423214392291744,0
0.8892178331666176,0.7153214861424555,0
0.8024232408431347,-0.8279123051823243,1
-0.3397258404491641,-0.4036204200164333,0
0.17684969344118384,-0.42437565192556526,1
-0.33584912921317556,0.42981316807615677,0
0.8097708754165629,-0.8946047721854864,1
-0.8716935215354482,0.9429408039822833,0
-0.18463523521409697,0.05944317459953141,0
-0.056749452481720475,0.7350662993537891,0
0.9929531747340452,-0.609372735743154,1
-0.11664173675299394,0.4498306742057019,0
0.9302067493898005,0.17308348974622367,1
0.01239740691534319,-0.38417846796805666,1
0.0777956629106884,0.12388851659635591,0
-0.6270006016298675,0.5252201986946681,0
0.22789307500684708,0.5802833579803495,0
-0.517024054308372,-0.990479185320277,1
0.5161520026143858,-0.5914294327385277,1
-0.3343149329758732,0.6466266848442903,0
-0.4656265259175747,0.7139517214498441,0
-0.34727217095337193,-0.47810485113171586,0
0.1315863860316564,-0.3291857560471074,1
-0.96269358327683,0.4299116995962262,0
0.21623751971928296,0.5751161049046531,0
0.5700210550060016,0.19404128768475104,1
0.33652182150781274,-0.31108654690810655,1
0.7197696411212433,-0.6704262863325505,1
0.5665111599751655,0.03377450747510213,1
-0.7345201314586773,0.0634565487795089,0
-0.5275191699546775,-0.9650931588428446,1
-0.009414219151365977,0.17431774073381145,0
-0.23045425084497162,-0.5924371625372384,1
-0.1390479393471884,0.05079350404584004,0
-0.6985555659814651,-0.9349155455057265,1
0.5753526411927798,-0.8177822581952041,1
-0.47729935693959136,0.7353533764860853,0
0.8062714515298504,0.12537586855274707,1
-0.041295373952786596,0.31793855812695315,0
-0.8280051191477509,0.7002797047972484,0
0.5160616185738403,0.5508806772318697,0
0.3864591392347243,0.15244681888217504,1
-0.8694043083709766,0.17691041061000745,0
0.9766074768394408,-0.6546800597495404,1
-0.32106688048657817,-0.32760390732975386,0
-0.9387306660892092,-0.9591677843363382,0
-0.14411528029750054,-0.3267658964539766,1
-0.4296966966629787,0.5346840672675379,0
-0.5676533664722272,0.6502093522394299,0
0.8829672865189457,-0.062121578077255046,1
0.08755825779553428,-0.10880671950505061,1
-0.7080525655868768,0.8053710258644542,0
0,1
0,-0.5
1,1
1,-1
0.5,0.25
0.5,0.4
