2
100
0
0.8427803306678079,-0.9087211403380213,1
-0.481289131811806,0.034582492886236604,0
-0.9490205842442774,-0.5793888976254389,1
0.34721513891519895,-0.99218532170976,0
0.2889322434343766,-0.009825438608004777,0
-0.9071277589240265,0.8552218396479478,1
0.6818630493777931,-0.5468045679633624,0
0.2612587538540332,0.7273786734224408,0
-0.4661372704377251,-0.22282045231903735,0
0.64509903065889,0.881024219012253,1
0.30573755034361594,0.5185608251357161,1
-0.9531538709923761,0.2470549704011149,1
-0.7708328290253545,-0.908962474443096,1
0.09863558939206829,0.2379243341893007,0
0.7970623848297389,-0.38454859169045763,0
-0.8679707329905859,0.6382312665382104,1
-0.7311891000210522,-0.9614408055722052,0
-0.4057100340697404,-0.9351726782338516,1
-0.14383874042820444,-0.15551027601113399,1
-0.17473318516682124,0.6557774411454917,0
-0.9993947895183668,-0.5401089777408055,0
0.8396617626024798,-0.41962844503976116,0
-0.33565430285116693,-0.17855163365745774,0
0.86481846310196,-0.12340465072744666,0
-0.2744093723822867,0.928225296189291,1
0.2040496005887653,-0.5224929784469743,0
0.7024719014727383,-0.24115753913103966,1
0.41841427200243975,0.15113750231362522,0
-0.03174018842009563,-0.4778805309798808,0
-0.6172874100225609,0.8199545187814739,1
0.5071997905113048,0.18478828501381117,0
-0.8355780777646413,-0.8114497346252301,1
0.6666760223320585,0.1727373452834431,0
-0.3612859322645703,-0.7421193625458185,1
0.5812091144972689,-0.44785018972203594,1
0.6293039465033785,0.45552896240225627,0
-0.7478110200454451,-0.5738850683082932,1
0.7756751822690726,0.04486064817304558,1
-0.6001536036382185,-0.7960371780834483,1
0.07520197804179385,0.9859515106190848,1
-0.19026438786086297,0.3950646281201229,1
-0.576418256047956,-0.10171523727196785,1
-0.16955995543378588,-0.03299941002186357,0
-0.719689111599529,-0.2697920275178036,1
-0.6252770760236095,-0.16105731017877822,0
0.45045335360881245,-0.05285110480082533,1
-0.9848171378115875,-0.6766236266344101,1
0.8417238818900525,-0.2831884574736505,1
0.9013533054963165,0.42169444794319055,0
0.9577132153307306,-0.6700018071428397,1
0.7932035463953626,-0.9630207255508785,0
0.4600361402950155,-0.49244708707412,0
-0.17279559529279243,-0.4939286820111073,0
0.3321273335885975,-0.415056176959987,0
0.4871052040259509,-0.7340007021964268,1
0.04946252319568645,-0.29005433577002004,1
-0.5208745119774172,0.734471283112623,0
0.9972590047000536,0.45498014693170963,1
0.9186727733108062,-0.6024982804659411,0
0.5295528222335364,-0.8674239996527309,0
-0.8494324074279713,0.06866528922588411,1
-0.027165804343425304,-0.2210187956208316,1
-0.855343454253721,0.4535383093702625,0
-0.04550609577538989,-0.6693173487666995,1
-0.8126389625998867,0.27007598286123846,1
-0.5295444862210466,-0.1629722547231034,1
-0.5783915112772324,0.023500195937079082,1
0.5998448008546713,0.3029552216254894,1
-0.49797019360468253,0.8280373016592071,0
-0.388881581136856,0.22313504302337783,1
0.0092749605161222,-0.17197922022633572,0
-0.08871902968795164,0.6575828220575799,1
-0.6484548899879072,-0.960037775114682,0
-0.6143056791791826,-0.7362432702400412,1
-0.491412091990852,0.7821455137767139,0
0.22365309824485502,0.1726646855753451,1
-0.841986593287694,0.9652927539564131,1
0.13576545977701504,-0.5739547283189492,1
-0.202875350537413,-0.48082278280325985,1
0.403322586405086,-0.7673429059773573,1
-0.1685933495212404,0.30654996545151736,0
0.11675511992604637,-0.17683529387381758,0
-0.0013515739790084247,-0.8583371519295706,1
0.19946702951619333,0.004212042718026998,1
0.8231157520984611,0.9644057207090344,1
0.07625603814605308,-0.9264535628170829,0
0.17559985854204552,0.17473986033779831,0
0.8116896600268075,0.8975219045239802,1
0.13801344916412206,-0.3534514616073905,0
0.4816958747914888,-0.9797556605149875,1
0.26342681043629046,-0.18576287298272032,1
-0.6979265670218928,0.054864947801334996,0
0.2823538380775148,-0.5933270923619944,0
0.9211821721967504,-0.263982071925692,0
-0.2869768952886129,0.2692491218358326,0
0.3438702844257506,0.5129548384151066,0
0.5976064309351334,0.7498067896998935,1
0.23869688621516505,-0.903717233575174,1
0.9392219584792376,0.8899084535215653,0
0.4568237394957775,-0.5835972767660713,1
